<<<<<<< HEAD

0.4836	0.4845	0.4432	0.4312	0.4800	0.4710	0.4324	0.4405	0.5246	0.4261	
0.5942	0.5083	0.5339	0.5631	0.5494	0.5255	0.5473	0.5990	0.5068	0.4498	
0.6181	0.5722	0.5598	0.4979	0.6669	0.5189	0.5207	0.5284	0.5722	0.4772	
0.5317	0.5184	0.4459	0.5659	0.6014	0.5266	0.5515	0.6157	0.4604	0.5842	
0.4184	0.5240	0.5675	0.5881	0.6150	0.6777	0.5764	0.5679	0.6424	0.4912	
0.6369	0.6724	0.6207	0.6682	0.6309	0.6112	0.5325	0.6810	0.5949	0.6328	
0.5644	0.5107	0.6594	0.6131	0.4958	0.5730	0.5400	0.5809	0.5876	0.4743	
0.6093	0.6508	0.5516	0.6804	0.5351	0.6230	0.5295	0.6221	0.5364	0.4937	
0.5985	0.5651	0.5938	0.5237	0.5588	0.5022	0.6470	0.4729	0.6566	0.6087	
0.6606	0.5532	0.5608	0.5998	0.6182	0.4945	0.6515	0.6578	0.6581	0.6264	

0.6572	0.7556	0.7787	0.7735	0.7639	0.7508	0.6951	0.7417	0.7348	0.7851	
0.7639	0.7898	0.7700	0.7650	0.7442	0.7632	0.7870	0.7997	0.8011	0.7723	
0.7664	0.7849	0.7807	0.7839	0.7997	0.8157	0.7712	0.7828	0.8242	0.8002	
0.8252	0.8132	0.8176	0.8112	0.8056	0.8008	0.8428	0.7956	0.8019	0.8101	
0.7967	0.8198	0.7970	0.8144	0.7944	0.8141	0.8154	0.8323	0.8272	0.8404	
0.8208	0.8103	0.8375	0.8288	0.8256	0.8332	0.8289	0.8130	0.8193	0.8220	
0.8023	0.8167	0.8169	0.8334	0.8207	0.8191	0.8105	0.8567	0.8159	0.8149	
0.8316	0.8576	0.8093	0.8201	0.8397	0.8330	0.8143	0.8292	0.8117	0.8297	
0.8465	0.8589	0.8360	0.8414	0.8284	0.8451	0.8295	0.8487	0.8281	0.8343	
0.8268	0.8391	0.8416	0.8326	0.8274	0.8378	0.8406	0.8533	0.8330	0.8307	


0.7735	0.7069	0.7291	0.7628	0.7368	0.7082	0.7382	0.7395	0.7218	0.7854	
0.7863	0.7918	0.7958	0.7877	0.7144	0.7547	0.7989	0.8073	0.7886	0.7716	
0.7955	0.8269	0.8193	0.7961	0.8003	0.8133	0.7694	0.8115	0.8211	0.8006	
0.8062	0.8129	0.8274	0.8262	0.8072	0.8096	0.7639	0.8182	0.8077	0.7919	
0.8139	0.8335	0.8252	0.8152	0.8161	0.8361	0.7985	0.8206	0.8264	0.8325	
0.8248	0.8352	0.7915	0.8270	0.8169	0.8261	0.8256	0.8537	0.8204	0.8084	
0.8162	0.8353	0.8338	0.8249	0.8192	0.8244	0.8126	0.8269	0.8119	0.8486	
0.8208	0.8528	0.8345	0.8444	0.8096	0.8381	0.8291	0.8263	0.8129	0.8262	
0.8439	0.8258	0.8366	0.8526	0.8163	0.8248	0.8381	0.8266	0.8275	0.8325	
0.8352	0.8339	0.8286	0.8423	0.8405	0.8444	0.8313	0.8271	0.8104	0.8370	


0.3328	0.3334	0.3329	0.3342	0.3327	0.3325	0.3328	0.3333	0.3323	0.3345	
0.6352	0.5314	0.6763	0.6480	0.6692	0.6833	0.6587	0.6733	0.6502	0.6229	
0.7018	0.7350	0.7426	0.6440	0.6995	0.5613	0.7512	0.7650	0.7009	0.6928	
0.6505	0.7361	0.7479	0.7496	0.7272	0.6806	0.6118	0.5197	0.7016	0.7914	
0.6725	0.6854	0.7271	0.6498	0.7356	0.7671	0.7378	0.7664	0.7373	0.7543	
0.7256	0.6416	0.7398	0.6562	0.6691	0.6588	0.7610	0.7520	0.7543	0.7444	
0.7414	0.7048	0.7348	0.7013	0.7018	0.7543	0.7073	0.7543	0.6709	0.7519	
0.7178	0.7465	0.7039	0.6650	0.6529	0.7436	0.7242	0.7528	0.6917	0.7346	
0.7618	0.7262	0.6941	0.6499	0.6867	0.7215	0.7587	0.7749	0.7474	0.7118	
0.7422	0.6828	0.6933	0.7625	0.7061	0.7028	0.7026	0.7454	0.5923	0.7092	
0.7034	0.6879	0.6935	0.7028	0.6628	0.7544	0.7243	0.7227	0.7315	0.7480	
0.6903	0.7655	0.7061	0.7085	0.7428	0.7722	0.7379	0.7888	0.7230	0.6968	
0.7284	0.7347	0.7092	0.7152	0.7670	0.7201	0.7252	0.7525	0.7010	0.7385	
0.5963	0.6723	0.6639	0.7538	0.7748	0.7429	0.7408	0.7482	0.6521	0.6457	
0.7296	0.7399	0.7524	0.7602	0.7333	0.7153	0.7126	0.7375	0.6604	0.7492	
0.7282	0.7454	0.7384	0.7369	0.7141	0.7386	0.6401	0.7432	0.7009	0.7149	
0.7407	0.7540	0.6700	0.7272	0.7227	0.7350	0.7611	0.7253	0.6871	0.7164	
0.7064	0.6651	0.7016	0.7795	0.7523	0.6085	0.6995	0.6865	0.6895	0.7281	
0.7479	0.6886	0.6989	0.7466	0.7089	0.7703	0.7563	0.7354	0.7683	0.6348	
0.7271	0.6979	0.7804	0.7057	0.7757	0.6768	0.6362	0.7204	0.6283	0.7301	
0.6685	0.7270	0.7036	0.6716	0.7109	0.6714	0.7750	0.7540	0.7300	0.7343	
0.7172	0.7554	0.6845	0.6884	0.7020	0.7821	0.7287	0.6853	0.7403	0.6629	
0.7553	0.7333	0.7177	0.7255	0.7555	0.7315	0.7536	0.7557	0.7437	0.6578	
0.7181	0.6682	0.7252	0.7492	0.7308	0.7210	0.7076	0.7665	0.7471	0.7825	
0.7396	0.7150	0.7372	0.7068	0.7584	0.7309	0.7137	0.7128	0.7609	0.7542	
0.7430	0.7364	0.6999	0.6510	0.7121	0.7159	0.6162	0.7094	0.7294	0.7065	
0.6990	0.7232	0.7343	0.7591	0.6423	0.6793	0.7006	0.7356	0.7181	0.6250	
0.6823	0.7275	0.6309	0.7275	0.7767	0.6035	0.7086	0.7776	0.7593	0.7513	
0.7460	0.7225	0.7309	0.6894	0.6276	0.7416	0.6305	0.7604	0.7595	0.7143	
0.7723	0.7390	0.7476	0.6817	0.7294	0.6813	0.7058	0.7189	0.7159	0.6528	
0.6386	0.7503	0.6597	0.7029	0.7392	0.7633	0.7318	0.6958	0.7623	0.6455	
0.6928	0.6817	0.7099	0.7250	0.7483	0.7245	0.7283	0.5898	0.7315	0.7219	
0.6737	0.6330	0.7188	0.7597	0.7802	0.7425	0.7550	0.6956	0.7178	0.7546	
0.7380	0.7564	0.6996	0.7220	0.7634	0.6703	0.7054	0.5399	0.7155	0.7078	
0.7014	0.7339	0.7667	0.7757	0.7267	0.6936	0.7191	0.7377	0.6700	0.7513	
0.6981	0.7622	0.6831	0.7530	0.7463	0.7256	0.7552	0.7245	0.7713	0.6821	
0.7302	0.7379	0.7393	0.7472	0.7508	0.7218	0.7427	0.6897	0.6898	0.6028	
0.5686	0.7307	0.6878	0.7568	0.6878	0.7264	0.6918	0.6868	0.7635	0.6350	
0.7348	0.7461	0.6963	0.6289	0.6448	0.7060	0.7500	0.7115	0.7545	0.6610	
0.7264	0.7611	0.6865	0.7117	0.7492	0.6558	0.6287	0.7616	0.7355	0.7598	
0.7230	0.7514	0.7206	0.7050	0.7132	0.6631	0.7330	0.6475	0.7072	0.7610	
0.6964	0.7237	0.6623	0.7309	0.7075	0.7011	0.7723	0.7134	0.6912	0.7670	
0.7973	0.7792	0.7838	0.7573	0.7543	0.7382	0.7171	0.7425	0.7696	0.7306	
0.6339	0.7315	0.6896	0.7308	0.7481	0.7759	0.6554	0.7455	0.6160	0.7230	
0.7434	0.7132	0.7267	0.7501	0.6151	0.6383	0.7490	0.7880	0.7128	0.7497	
0.6768	0.7573	0.7168	0.6716	0.7646	0.7689	0.7095	0.7416	0.7225	0.7601	
0.7725	0.6726	0.7587	0.7436	0.7159	0.7501	0.5743	0.8011	0.6292	0.7238	
0.7714	0.6944	0.7200	0.7689	0.7127	0.6718	0.7183	0.7359	0.7215	0.7209	
0.6950	0.6839	0.6934	0.7592	0.6166	0.6503	0.7568	0.7557	0.7577	0.6472	
0.6128	0.7266	0.7476	0.7278	0.6838	0.7175	0.6825	0.7880	0.7636	0.7679	
0.7592	0.7615	0.7423	0.7762	0.7091	0.7308	0.7553	0.6975	0.7377	0.7006	
0.7246	0.7028	0.7768	0.7783	0.7069	0.7625	0.7149	0.7334	0.6540	0.7165	
0.7295	0.7127	0.7454	0.6917	0.7288	0.7829	0.6348	0.7156	0.7776	0.7505	
0.7466	0.6766	0.6623	0.7163	0.7304	0.7649	0.6739	0.7230	0.7436	0.6969	
0.7535	0.5921	0.6939	0.7432	0.7377	0.7707	0.7367	0.7581	0.7684	0.6321	
0.7019	0.7172	0.7782	0.7530	0.7645	0.7493	0.7332	0.6652	0.7246	0.7148	
0.6898	0.7557	0.7845	0.6433	0.7207	0.7619	0.7766	0.7805	0.6976	0.7363	
0.7663	0.7296	0.6995	0.7055	0.7980	0.7703	0.7580	0.6569	0.7096	0.7186	
0.7593	0.7188	0.7550	0.7483	0.6968	0.7344	0.7077	0.7383	0.7125	0.7364	
0.5711	0.7386	0.7748	0.6866	0.6187	0.7805	0.7633	0.7883	0.7495	0.7063	
0.7196	0.7354	0.7860	0.6991	0.7726	0.7617	0.7338	0.7696	0.7299	0.7199	
0.7324	0.7854	0.7491	0.6244	0.7528	0.7630	0.6871	0.7853	0.7543	0.7879	
0.7296	0.7155	0.7708	0.7110	0.7332	0.7443	0.7485	0.7562	0.7729	0.6607	
0.7487	0.7496	0.7471	0.5526	0.7597	0.7917	0.7435	0.6938	0.6632	0.6561	
0.7406	0.7188	0.7045	0.7476	0.7368	0.7314	0.7964	0.7347	0.7843	0.7184	
0.7374	0.7696	0.7738	0.7473	0.7395	0.7784	0.7835	0.7035	0.7488	0.6570	
0.7801	0.7535	0.7374	0.7912	0.7592	0.7849	0.7379	0.7476	0.7924	0.7360	
0.7206	0.7202	0.6502	0.7589	0.7670	0.6999	0.7870	0.6753	0.7664	0.7732	
0.7443	0.7430	0.7492	0.7095	0.5953	0.6504	0.7789	0.7748	0.7042	0.7314	
0.7689	0.7757	0.7466	0.7059	0.7719	0.7921	0.6738	0.7687	0.7699	0.7809	
0.7587	0.7586	0.8001	0.7665	0.7277	0.7983	0.7740	0.6365	0.7940	0.7407	
0.7224	0.6472	0.7546	0.7699	0.7595	0.7734	0.7740	0.7095	0.7604	0.7787	
0.7309	0.6624	0.6808	0.7964	0.7497	0.7886	0.7005	0.7263	0.7786	0.6871	
0.7870	0.6823	0.7714	0.7336	0.6979	0.7420	0.7843	0.7529	0.7122	0.7487	
0.7132	0.7653	0.6050	0.7272	0.7776	0.7848	0.7800	0.7787	0.6600	0.7037	
0.7729	0.7478	0.6515	0.6906	0.6689	0.7803	0.6601	0.7743	0.7817	0.7567	
0.7653	0.7697	0.7652	0.7517	0.7688	0.7349	0.7530	0.7273	0.6890	0.7912	
0.7587	0.6884	0.7582	0.6797	0.7747	0.6569	0.6760	0.6849	0.7768	0.7696	
0.7624	0.7947	0.7750	0.7677	0.7321	0.7658	0.7289	0.7479	0.7635	0.6737	
0.7689	0.7634	0.7384	0.7489	0.5385	0.7602	0.7546	0.7311	0.7803	0.7742	
0.6328	0.7513	0.7494	0.7348	0.6518	0.6740	0.6434	0.6298	0.7359	0.7419	
0.7868	0.7307	0.7616	0.6337	0.7826	0.7982	0.7014	0.7353	0.7399	0.6549	
0.7267	0.7073	0.7529	0.6995	0.7566	0.7794	0.7702	0.7268	0.7647	0.7561	
0.7840	0.7414	0.7773	0.7945	0.7327	0.7906	0.5349	0.7624	0.7941	0.6461	
0.6496	0.7861	0.6023	0.7659	0.6267	0.7113	0.7765	0.6889	0.7452	0.7278	
0.7656	0.6975	0.6872	0.7641	0.7721	0.7816	0.6032	0.7647	0.7590	0.7770	
0.7744	0.7148	0.7911	0.7292	0.7460	0.7453	0.7924	0.7403	0.7753	0.7314	
0.7531	0.7255	0.6946	0.7599	0.6565	0.6809	0.7273	0.7409	0.7319	0.7422	
0.5846	0.7689	0.6984	0.7454	0.7456	0.6855	0.7826	0.7557	0.7168	0.7644	
0.6782	0.7570	0.6570	0.7290	0.7602	0.7398	0.8249	0.7018	0.7811	0.6261	
0.7429	0.7607	0.7853	0.6709	0.7645	0.7878	0.6604	0.7663	0.7308	0.6232	
0.7628	0.7842	0.7201	0.6050	0.7729	0.7108	0.6116	0.8035	0.7889	0.7885	
0.7666	0.7879	0.7372	0.7670	0.6998	0.4797	0.7830	0.6630	0.6841	0.7709	
0.7155	0.6742	0.7812	0.7701	0.7831	0.7842	0.7539	0.7795	0.7597	0.7777	
0.7775	0.5697	0.7333	0.4936	0.7750	0.8068	0.7530	0.6826	0.7254	0.7231	
0.7450	0.7467	0.6662	0.7623	0.7744	0.6994	0.8011	0.7892	0.7747	0.7405	
0.7986	0.7827	0.7333	0.6938	0.7916	0.7027	0.7776	0.6634	0.7380	0.7629	
0.7710	0.7438	0.7155	0.7663	0.7468	0.7609	0.7442	0.7199	0.7797	0.8370	
0.7963	0.6582	0.7807	0.8070	0.7476	0.7747	0.7876	0.7131	0.7510	0.7868	
0.7777	0.6015	0.7608	0.7456	0.7418	0.7173	0.8047	0.8005	0.7972	0.7840	
=======
>>>>>>> 775c4b538f300f0bc5ea16146815176048fbc764
